1000
87 516
74 764
93 819
97 784
60 679
18 761
48 646
98 552
93 560
97 276
13 638
96 933
58 185
25 970
59 773
73 563
45 186
42 261
17 675
56 822
39 480
14 796
44 113
89 354
53 805
60 383
87 187
22 736
91 855
18 594
35 165
56 853
87 721
67 111
70 330
79 232
13 434
48 772
87 285
83 322
47 265
71 878
67 949
62 622
79 878
24 521
39 831
28 286
11 470
82 395
57 345
79 774
20 596
80 702
18 940
71 851
47 909
14 769
48 796
25 127
59 787
39 578
75 569
65 307
84 876
78 373
53 180
44 398
30 991
65 892
11 210
87 638
11 493
93 187
42 157
50 378
50 154
20 958
66 171
42 540
61 632
88 267
82 336
47 277
42 740
66 529
25 212
24 286
30 113
94 345
90 361
53 454
84 816
56 391
50 523
11 314
13 325
91 863
92 666
24 634
93 192
49 149
34 741
13 943
71 568
56 539
16 862
96 582
46 655
14 328
22 305
46 356
63 213
30 726
69 469
52 248
83 362
88 277
78 695
84 951
44 110
84 147
87 260
30 580
71 794
64 607
99 543
75 144
60 170
92 322
53 610
85 539
97 594
56 562
12 642
15 897
95 791
14 395
80 490
71 736
89 900
82 544
19 976
23 263
91 752
96 361
29 853
68 497
27 422
78 606
11 692
16 854
66 871
57 869
78 877
34 831
52 471
74 368
35 997
14 292
34 653
57 894
63 889
76 402
40 192
66 652
67 704
28 523
65 144
12 620
77 161
89 207
77 436
33 739
94 137
56 390
86 327
84 191
99 557
37 724
86 511
58 773
64 762
68 448
70 969
94 175
89 653
14 379
29 269
55 858
45 547
65 305
75 266
81 478
57 520
22 418
71 515
34 358
25 892
46 637
26 728
76 585
41 507
57 196
26 504
53 522
34 775
93 164
80 854
16 328
28 355
86 160
11 310
49 913
15 513
51 696
76 603
95 381
27 399
66 642
99 997
74 516
84 117
99 479
67 737
41 111
42 813
67 712
93 880
27 573
72 889
94 815
33 365
73 811
78 642
20 287
47 632
12 963
98 520
44 693
84 403
34 597
72 366
49 888
13 530
96 677
84 934
67 720
45 630
94 869
26 324
97 999
17 966
65 166
50 817
93 616
32 159
89 288
22 136
64 570
40 583
38 564
41 882
29 991
67 505
59 776
66 331
54 171
53 263
17 892
58 618
53 304
95 149
14 138
56 210
52 280
32 224
81 452
80 400
79 599
84 729
92 800
60 767
52 813
90 514
59 430
82 620
53 846
71 395
19 254
76 799
33 350
49 285
63 617
28 675
90 273
89 695
17 167
94 157
11 571
70 891
26 128
76 332
38 168
88 222
84 251
25 481
41 996
32 659
39 301
64 782
48 886
42 857
74 637
39 635
20 679
34 849
94 109
84 846
84 518
78 525
10 289
52 992
80 394
50 510
28 196
65 293
22 196
81 780
26 835
11 110
65 745
75 301
48 866
25 334
44 323
55 825
46 454
27 595
70 565
50 199
34 812
51 132
41 468
15 547
98 786
59 191
25 771
41 406
37 909
21 487
86 231
71 383
26 614
67 909
66 948
89 764
20 893
83 137
44 744
35 764
99 993
54 622
13 680
78 380
33 601
76 824
91 248
76 313
96 919
35 475
43 553
87 578
38 873
21 685
72 570
38 210
83 336
37 528
10 257
35 621
71 396
65 563
47 392
20 998
80 495
42 757
11 632
54 605
42 130
84 267
72 914
11 411
69 791
12 102
56 671
20 417
94 687
34 199
62 712
18 904
86 452
55 889
65 288
31 797
80 412
83 790
61 542
70 807
59 974
39 992
87 140
89 987
97 855
62 826
52 904
90 639
30 683
65 273
36 367
86 201
54 449
71 250
96 175
38 110
50 327
79 411
88 665
28 454
90 502
25 774
57 269
20 971
89 276
76 245
72 490
32 548
82 916
96 368
66 702
21 480
52 233
62 841
35 112
23 408
28 819
69 998
51 137
66 588
87 648
51 823
60 238
69 556
41 174
35 828
68 385
81 126
64 869
25 110
46 896
45 190
69 120
98 995
25 199
65 378
69 754
35 867
28 306
64 930
15 359
18 568
31 621
18 994
87 595
24 873
69 837
30 862
27 852
90 438
49 456
44 371
33 298
12 293
83 275
21 614
16 129
97 392
80 270
15 174
58 517
65 123
63 626
27 260
99 806
62 342
62 786
81 949
15 813
85 522
44 114
36 709
59 447
51 596
57 790
39 258
97 769
66 127
80 159
75 851
44 235
94 508
27 447
28 236
99 356
22 546
72 987
31 562
84 238
40 281
17 226
51 971
25 518
68 211
17 116
71 495
92 491
94 902
92 462
15 340
15 539
56 916
27 950
13 628
18 105
38 620
10 350
30 974
98 542
64 142
80 826
50 165
44 585
27 663
21 889
93 357
34 483
86 233
28 948
70 633
52 624
76 693
80 708
90 986
96 304
88 864
56 216
51 991
63 302
27 578
44 467
65 892
80 898
86 192
80 599
54 227
68 953
38 517
62 445
67 801
60 359
38 262
47 451
57 624
30 470
61 576
45 230
69 497
15 207
35 744
41 238
40 588
41 171
92 987
52 272
74 501
21 552
52 711
65 516
37 885
42 669
63 990
60 144
81 974
83 666
46 198
31 223
95 778
10 281
94 300
31 304
48 425
39 745
13 150
95 257
84 782
85 813
38 998
77 948
19 765
43 411
38 557
48 782
18 413
19 850
10 990
38 835
30 522
82 845
95 218
87 770
49 426
22 922
38 900
66 538
83 900
46 683
18 139
47 164
29 124
68 746
74 109
79 114
45 894
54 580
93 410
37 609
76 869
37 324
29 107
92 879
63 761
24 892
96 545
30 461
20 655
12 740
62 380
76 483
70 226
82 829
53 721
58 119
53 223
38 255
85 681
22 142
45 535
27 779
58 521
76 172
43 582
54 594
84 856
86 825
36 351
22 138
25 511
15 939
88 626
69 845
78 563
63 338
61 715
77 505
53 797
42 220
28 893
39 912
47 574
16 892
95 115
29 846
96 766
57 969
27 407
58 879
17 177
85 482
26 926
40 319
36 481
76 236
93 234
37 930
63 177
24 663
37 945
75 491
50 353
82 804
50 290
40 930
92 615
43 416
37 797
40 339
66 592
64 204
58 234
60 286
10 915
30 232
71 282
22 351
72 759
26 407
37 898
53 769
33 421
13 993
60 570
59 364
25 212
40 246
39 108
72 879
28 728
90 829
17 230
63 854
59 690
46 595
82 762
15 730
20 890
78 666
86 827
38 157
93 593
10 371
14 762
81 189
39 602
78 623
66 226
38 930
28 282
60 846
43 391
23 569
60 758
73 502
14 728
77 585
76 126
29 741
60 297
14 353
45 513
69 930
90 620
30 880
71 421
17 665
80 214
52 646
90 607
35 177
73 274
58 910
48 252
14 393
64 406
58 285
16 908
74 791
70 173
73 857
48 804
91 176
50 705
92 640
57 128
31 632
90 876
21 606
51 689
74 224
18 389
70 325
97 561
95 496
64 948
86 386
49 977
58 287
60 540
66 862
57 315
75 750
57 581
87 252
41 189
57 617
74 206
17 296
29 740
96 613
75 886
56 643
26 668
20 110
89 258
97 850
20 497
32 462
41 754
30 498
90 750
25 127
32 309
77 821
50 290
42 255
23 550
98 247
23 451
93 990
65 961
81 486
94 266
59 837
22 476
90 234
49 628
77 408
61 128
17 793
61 187
10 468
11 496
42 540
65 264
82 556
36 553
39 717
74 829
15 347
97 170
43 917
13 511
42 156
44 974
88 293
33 125
13 432
22 865
48 997
32 786
26 804
65 299
74 269
24 622
55 418
16 879
41 363
12 757
75 282
56 216
20 158
25 682
55 593
98 853
23 777
85 469
54 598
52 637
88 557
22 762
89 507
34 828
86 233
59 662
80 141
87 375
16 594
44 128
39 116
98 590
59 780
88 571
27 852
63 720
74 222
30 409
84 840
36 326
53 785
27 223
53 254
35 112
97 625
31 200
56 697
13 253
97 385
76 780
83 218
20 580
35 766
38 918
14 877
19 182
21 227
72 682
61 819
19 749
78 135
13 875
92 712
52 471
62 443
40 542
29 931
49 353
81 628
77 289
72 594
92 514
33 818
26 949
98 918
60 857
86 332
54 204
96 944
54 758
44 290
34 511
62 477
61 123
42 611
21 627
52 380
78 907
11 131
85 220
40 370
15 575
36 732
56 968
16 286
48 506
56 463
38 166
34 887
17 948
53 767
44 380
40 404
49 948
50 906
31 615
17 587
57 170
17 805
34 109
81 969
64 410
44 835
87 153
58 355
70 501
72 157
45 556
52 143
74 854
57 705
75 864
44 420
38 250
81 350
63 738
94 300
31 653
70 682
18 351
38 869
48 395
68 514
70 845
59 175
27 689
16 488
19 420
34 885
65 397
35 837
28 333
27 587
